     0/299     7.34G   0.05117   0.01528  0.002612   0.06905      1103       640    0.7556    0.2731    0.2882    0.1109   0.09546   0.02922  0.004149
     1/299     9.08G   0.05039   0.01533  0.002176    0.0679       547       640    0.6104    0.2823      0.29    0.1115   0.09535   0.02916  0.004127
     2/299     9.08G   0.04727   0.01507   0.00163   0.06397      1268       640    0.7504    0.2758    0.2875    0.1104   0.09534   0.02931  0.004105
     3/299     9.08G   0.04502   0.01495  0.001834   0.06181       358       640    0.7642    0.2699    0.2891     0.112   0.09546   0.02921  0.004165
     4/299     9.08G   0.04825    0.0147  0.001778   0.06473       762       640     0.508    0.2896    0.2896    0.1122   0.09528   0.02933  0.004088
     5/299     9.08G   0.04993   0.01531   0.00218   0.06743       607       640    0.7521    0.2768    0.2903    0.1121   0.09524   0.02915  0.004083
     6/299     9.08G   0.05364   0.01538  0.001964   0.07099       875       640    0.7513    0.2772    0.2921    0.1121   0.09532   0.02937  0.004057
     7/299     9.08G    0.0464   0.01477  0.001595   0.06276       464       640    0.6027    0.2849    0.2916    0.1127   0.09539   0.02918  0.004119
     8/299     9.08G   0.05058   0.01514  0.002471    0.0682       522       640    0.6424    0.2838    0.2832    0.1091   0.09536    0.0296  0.003988
     9/299     9.08G   0.05059   0.01503  0.002461   0.06808       561       640    0.6442    0.2817    0.2901    0.1114   0.09545   0.02873   0.00399
    10/299     9.08G   0.05361   0.01515  0.002503   0.07126       479       640    0.7605    0.2722    0.2835    0.1089    0.0958   0.02918   0.00374
    11/299     9.09G   0.05188   0.01446  0.002149   0.06849       292       640    0.7307    0.2796    0.2794    0.1067   0.09538   0.02942  0.003821
    12/299     9.98G   0.04939   0.01476  0.002042   0.06619       455       640    0.6242    0.3004    0.2784    0.1051   0.09575   0.02959  0.003837
    13/299     9.98G   0.04275   0.01426  0.001685   0.05869      1049       640     0.622     0.272    0.2834    0.1028   0.09542   0.02989  0.004188
    14/299     9.98G   0.04647   0.01392  0.002217   0.06261       544       640    0.5126    0.2942    0.2816    0.1093   0.09558   0.02947  0.004332
    15/299     9.98G   0.04912   0.01501  0.002648   0.06678       817       640    0.4724    0.3163    0.2819    0.1083   0.09552   0.02922  0.004814
    16/299     9.98G   0.04681   0.01491  0.002005   0.06373       409       640    0.5283    0.2846    0.2853    0.1071   0.09565    0.0292  0.004588
    17/299     9.98G   0.05055   0.01467  0.002181   0.06741       931       640    0.4957    0.2861    0.2801    0.1093   0.09544   0.02928  0.004112
    18/299     9.98G   0.05016   0.01496  0.001942   0.06706       476       640    0.5982    0.3048    0.2832    0.1107   0.09534   0.02928  0.004225
    19/299     9.98G   0.04914   0.01432  0.002383   0.06585       593       640    0.5945    0.3273    0.2891    0.1117   0.09534    0.0291  0.004208
    20/299     9.98G   0.04876    0.0144  0.001578   0.06474       577       640    0.6858    0.2813    0.2795    0.1086   0.09526   0.02942  0.003923
    21/299     9.98G    0.0506   0.01434   0.00235   0.06729       942       640    0.5848    0.3283    0.2887    0.1116   0.09525   0.02934  0.004198
    22/299     9.98G   0.04442   0.01339  0.002419   0.06023       523       640    0.5277    0.2846    0.2885    0.1069   0.09567    0.0293  0.004272
    23/299     9.98G   0.05038   0.01493   0.00322   0.06853       377       640    0.6449    0.2915    0.2811    0.1068   0.09518   0.02952  0.004224
    24/299     9.98G   0.04694   0.01458  0.002042   0.06356       522       640    0.5131    0.3023    0.2862     0.111   0.09547   0.02924  0.004173
    25/299     9.98G   0.04821   0.01458  0.002413   0.06521       423       640    0.6011     0.281     0.284    0.1028   0.09527   0.02907  0.004638
    26/299     9.98G   0.04786   0.01504  0.002386   0.06528       427       640    0.6027     0.307    0.2841    0.1085   0.09497   0.02993  0.004265
    27/299     9.98G    0.0472   0.01502  0.002448   0.06468       406       640    0.5054    0.3024    0.2884    0.1101   0.09531   0.02956  0.004139
    28/299     9.98G    0.0487   0.01445  0.001957   0.06511       227       640    0.5417    0.2906    0.2894    0.1081   0.09524   0.02923  0.004104
    29/299     9.98G   0.05133   0.01374  0.002215   0.06728       836       640    0.6245    0.2959    0.2868    0.1096   0.09532   0.02935  0.004183
    30/299     10.5G   0.04658   0.01474  0.002628   0.06395       434       640    0.5919    0.3177    0.2886    0.1104    0.0955   0.02952  0.004161
    31/299     10.5G   0.05006   0.01449  0.002103   0.06666       512       640     0.648    0.2861    0.2801    0.1094   0.09533   0.02939  0.004124
    32/299     10.5G   0.05175   0.01494   0.00232   0.06901       583       640    0.6483    0.2901    0.2768    0.1054   0.09537   0.02904   0.00406
    33/299     10.5G   0.04835   0.01519   0.00271   0.06626       493       640    0.6567    0.2968    0.2895    0.1116   0.09505   0.02946  0.004514
    34/299     10.5G   0.04837   0.01468  0.002198   0.06524       343       640    0.5937    0.2939    0.2879      0.11   0.09526   0.02964  0.004083
    35/299     10.5G   0.05195   0.01438  0.003214   0.06954       280       640    0.6135    0.2832    0.2848    0.1082   0.09567   0.02917  0.003991
    36/299     10.5G    0.0481   0.01463  0.002727   0.06546       552       640     0.647    0.3034    0.2859    0.1097   0.09528   0.02927  0.004055
    37/299     10.5G   0.04685   0.01459  0.001941   0.06339       632       640    0.6498    0.3112    0.2904    0.1107   0.09488   0.02934  0.003855
    38/299       11G   0.05544   0.01456   0.00283   0.07283       504       640    0.6255    0.3019    0.2865    0.1103   0.09528   0.02914  0.003724
    39/299       11G   0.04997   0.01516  0.002608   0.06774       997       640    0.6363    0.2766     0.288    0.1117   0.09508   0.02932  0.003998
    40/299       11G   0.05114   0.01457  0.002354   0.06806       546       640    0.6399    0.2834    0.2879    0.1079   0.09534   0.02952  0.004264
    41/299       11G   0.04752   0.01487  0.001671   0.06406       287       640    0.4371    0.3258    0.2891     0.111   0.09537   0.02966  0.003928
    42/299       11G   0.04866    0.0142  0.002709   0.06556       321       640     0.621    0.3068    0.2875    0.1105   0.09499    0.0297  0.004465
    43/299       11G   0.04991   0.01444   0.00207   0.06642       179       640    0.6009    0.3187    0.2888    0.1111   0.09511   0.02921  0.004484
    44/299       11G   0.05202   0.01495  0.002793   0.06977       825       640    0.6256    0.2918    0.2887      0.11   0.09504   0.02966  0.004425
    45/299       11G   0.05032   0.01417  0.002336   0.06682      1020       640    0.6203    0.3067    0.2836    0.1108   0.09538   0.02898  0.004516
    46/299       11G   0.04591   0.01441  0.002108   0.06243       311       640    0.6392    0.2887    0.2812    0.1108   0.09537   0.02951  0.004272
    47/299       11G   0.04263   0.01417  0.001826   0.05863       313       640    0.6585    0.2908    0.2803    0.1101   0.09489   0.02957  0.004178
    48/299       11G   0.04866   0.01431  0.002007   0.06498       810       640     0.658    0.3053     0.293     0.112   0.09499   0.02952   0.00392
    49/299       11G   0.04973   0.01506  0.002315    0.0671       760       640    0.6577    0.3015    0.2917    0.1145   0.09508   0.02913  0.004246
    50/299       11G   0.05007   0.01474  0.002127   0.06694       332       640    0.6183    0.3168    0.2934    0.1122   0.09519   0.02941  0.004338
    51/299       11G   0.04992   0.01501  0.002265   0.06719       609       640    0.6601    0.2923    0.2822    0.1075   0.09522   0.03005  0.003919
    52/299       11G   0.04623   0.01418  0.002203   0.06261       549       640    0.5987    0.3301    0.2907    0.1122   0.09494   0.02972  0.004269
    53/299       11G    0.0474   0.01397  0.002223   0.06359       858       640    0.6543    0.2869    0.2862    0.1095   0.09507   0.02952  0.004371
    54/299       11G   0.04662   0.01535  0.002274   0.06424       850       640    0.5885    0.3048    0.2932    0.1121   0.09499   0.02923  0.004296
    55/299       11G   0.04985   0.01402  0.002693   0.06657       503       640    0.6484    0.2995    0.2858    0.1111   0.09535   0.02935  0.004347
    56/299       11G   0.05338   0.01453  0.002634   0.07054       790       640    0.6671    0.2943    0.2876     0.112   0.09537   0.02932  0.004231
    57/299       11G   0.04575     0.014  0.002151   0.06191       604       640    0.6022    0.3165    0.2881    0.1095   0.09493   0.02958  0.004385
    58/299       11G   0.04779   0.01433  0.002141   0.06426       199       640    0.6356    0.2885    0.2804    0.1087    0.0948   0.02946  0.004856
    59/299       11G   0.04656   0.01457  0.001854   0.06299       509       640    0.6014    0.3122    0.2916    0.1134   0.09465   0.02957   0.00437
    60/299       11G   0.05009   0.01459  0.002275   0.06696       242       640    0.6298    0.2929    0.2912    0.1143   0.09486   0.02958  0.004136
    61/299       11G   0.04809   0.01465  0.002282   0.06503       480       640    0.6056    0.3098    0.2939    0.1134   0.09463   0.02926  0.004377
    62/299       11G   0.04607   0.01462   0.00192   0.06261      1516       640    0.6237     0.285    0.2945    0.1142   0.09484   0.02953  0.004365
    63/299       11G   0.04598   0.01401  0.001611   0.06159       525       640    0.6369    0.3258     0.296     0.115   0.09477   0.02941  0.004267
    64/299       11G   0.05088   0.01533  0.002177   0.06839       554       640     0.622    0.2957    0.2873    0.1126   0.09462   0.02955  0.003811
    65/299       11G   0.04844   0.01427  0.002218   0.06492       609       640    0.6013    0.3201    0.2933    0.1147   0.09486   0.02925  0.004383
    66/299       11G    0.0432   0.01411   0.00183   0.05914       460       640    0.6442     0.301    0.2905    0.1166   0.09473    0.0294  0.004153
    67/299       11G   0.05084   0.01469  0.002305   0.06783       262       640    0.6704      0.31    0.2987    0.1164   0.09462   0.02931  0.004256
    68/299       11G   0.05303   0.01408  0.002167   0.06927       951       640    0.6442    0.2962    0.2931    0.1155   0.09466   0.02943   0.00378
    69/299       11G   0.04792   0.01385  0.002821   0.06458       221       640    0.6187    0.3128    0.2976    0.1153   0.09455   0.02972  0.003938
    70/299       11G    0.0488   0.01437  0.002195   0.06537       368       640    0.6131    0.2928    0.2949    0.1154   0.09494   0.02911   0.00404
    71/299       11G   0.05067   0.01523  0.002838   0.06874       445       640    0.5953    0.3304    0.2941    0.1145   0.09486   0.02942  0.003907
    72/299       11G    0.0459   0.01472  0.002129   0.06275       734       640    0.6224    0.3119    0.2893    0.1122   0.09476   0.02942   0.00431
    73/299       11G   0.04726   0.01475  0.001684   0.06369       532       640    0.6297    0.3136    0.2934    0.1136   0.09468    0.0295  0.004143
    74/299       11G   0.04966    0.0149  0.002219   0.06678       310       640    0.6594    0.3051    0.2968    0.1115   0.09452   0.02962  0.003857
    75/299       11G   0.04346   0.01526  0.001885    0.0606      1118       640    0.6198    0.3023    0.2925    0.1143    0.0945   0.02954  0.003976
    76/299       11G   0.05512   0.01486  0.003094   0.07307       666       640    0.6126    0.3245    0.2943    0.1134   0.09475   0.02937  0.003593
    77/299       11G   0.04539   0.01483     0.002   0.06222       575       640      0.63    0.3111    0.2959    0.1151   0.09457   0.02932  0.003849
    78/299       11G   0.04902   0.01419  0.002134   0.06534       655       640    0.5332    0.3322    0.2997    0.1151   0.09473   0.02948  0.003864
    79/299       11G   0.04893   0.01493  0.002568   0.06642       295       640    0.6801    0.2999    0.3011    0.1152   0.09452    0.0292  0.004298
    80/299       11G   0.04968    0.0148  0.001784   0.06626       396       640    0.6654    0.2895    0.2981    0.1139   0.09443   0.02959  0.004398
    81/299       11G   0.04945   0.01485   0.00185   0.06616       398       640    0.6621    0.2939    0.2995    0.1162   0.09471   0.02922  0.004068
    82/299       11G   0.04623   0.01491  0.001752   0.06289       654       640    0.6375    0.3232    0.3032    0.1184    0.0947   0.02908  0.004239
    83/299       11G   0.04837    0.0143   0.00206   0.06473       680       640     0.627    0.3148    0.3037    0.1177   0.09483   0.02918  0.003985
    84/299       11G   0.04487   0.01528  0.001989   0.06214       383       640    0.5962    0.3267    0.3031    0.1171   0.09477   0.02927  0.004131
    85/299       11G   0.04908   0.01426  0.002227   0.06556       426       640     0.608    0.3061    0.2982    0.1166   0.09458   0.02941   0.00437
    86/299       11G   0.05074   0.01438  0.002473    0.0676       451       640    0.6499    0.2814     0.293    0.1154   0.09457   0.02941  0.004354
    87/299       11G   0.04852   0.01445  0.002371   0.06534       669       640    0.6471     0.319    0.3047    0.1165   0.09446   0.02957  0.004216
    88/299       11G   0.05086   0.01391  0.002179   0.06695       781       640    0.6642    0.3125    0.3017    0.1155   0.09457   0.02946  0.004512
    89/299       11G   0.04738   0.01338  0.001632    0.0624       483       640     0.626    0.3002    0.2927    0.1131    0.0947   0.02959  0.004343
    90/299       11G   0.04911   0.01381  0.002427   0.06535       221       640    0.5925    0.3403    0.3031    0.1155   0.09455   0.02945  0.004335
    91/299       11G   0.04835    0.0144  0.001428   0.06418       661       640     0.602    0.3524    0.3071    0.1171    0.0944   0.02931  0.004157
    92/299       11G   0.04621   0.01452  0.001869    0.0626       504       640    0.5847    0.3552    0.3089    0.1169   0.09444   0.02941  0.004224
    93/299     12.3G   0.04794   0.01549  0.002284   0.06571       468       640    0.6213    0.3296    0.3029     0.117   0.09443   0.02939  0.004091
    94/299     12.3G   0.04953   0.01408  0.002076   0.06569       228       640    0.6309    0.3224    0.3039    0.1173   0.09445   0.02948  0.004168
    95/299     12.3G   0.04893   0.01492   0.00202   0.06588       490       640     0.619    0.3096    0.2957    0.1147   0.09449   0.02931  0.004099
    96/299     12.3G   0.04987   0.01425  0.002078    0.0662       541       640    0.6628    0.3088    0.3019    0.1163   0.09446   0.02944  0.004393
    97/299     12.3G    0.0528   0.01468  0.001821    0.0693       719       640    0.6729    0.2988     0.298    0.1152   0.09453   0.02938   0.00412
    98/299     12.3G   0.05007   0.01402  0.002373   0.06646       856       640    0.6544    0.3053    0.2983    0.1146   0.09446   0.02942  0.004211
    99/299     12.3G   0.04777   0.01456  0.002255   0.06458       979       640    0.6462    0.3111    0.3037    0.1186   0.09439   0.02927  0.004415
   100/299     12.3G    0.0541   0.01418  0.002076   0.07036       640       640    0.6188    0.3171    0.3014    0.1176   0.09454   0.02939  0.004207
   101/299     12.3G   0.04594   0.01466  0.001866   0.06247       559       640    0.6138    0.3151    0.2981    0.1169   0.09438   0.02946  0.004124
   102/299     12.3G   0.05052   0.01446  0.002341   0.06732       670       640    0.6368    0.3095    0.3005    0.1157   0.09439    0.0294  0.003818
   103/299     12.3G   0.04807   0.01381  0.002202   0.06408       816       640    0.6631    0.2964       0.3    0.1169   0.09439   0.02927  0.003898
   104/299     12.3G   0.04582   0.01418  0.001834   0.06184       277       640     0.667    0.2952    0.3005    0.1169   0.09442   0.02935  0.003868
   105/299     12.3G   0.04816    0.0146  0.002208   0.06497       572       640    0.5758    0.3488    0.3013     0.116   0.09446   0.02934  0.003724
   106/299     12.3G   0.04607   0.01406  0.002594   0.06273       431       640    0.6082     0.331    0.3014    0.1161   0.09442   0.02927  0.003689
   107/299     12.3G   0.04678   0.01409  0.001551   0.06243       720       640    0.6147    0.3332    0.3029    0.1165   0.09446   0.02933  0.003698
   108/299     12.3G   0.04876   0.01434   0.00297   0.06607       539       640    0.6213    0.3331    0.3051    0.1172    0.0945   0.02931   0.00377
   109/299     12.3G   0.04601   0.01428  0.002236   0.06253       484       640    0.6435    0.3173    0.3052    0.1179   0.09443   0.02944  0.003836
   110/299     12.3G   0.05122   0.01481  0.002146   0.06818       411       640    0.6251    0.3219    0.3026    0.1163   0.09445   0.02934  0.003837
   111/299     12.3G   0.04568   0.01415   0.00205   0.06188       545       640    0.6134    0.3243    0.3009    0.1178   0.09446   0.02935  0.003856
   112/299     12.3G   0.05133   0.01436  0.002465   0.06816       433       640    0.6396    0.3271    0.3082     0.119   0.09447   0.02938  0.003958
   113/299     12.3G   0.04861   0.01442  0.001775   0.06481       316       640    0.6185    0.3297    0.3067    0.1191   0.09443   0.02933  0.004128
   114/299     12.3G   0.05097   0.01433  0.002567   0.06786       505       640    0.6192    0.3207    0.3025    0.1187   0.09435   0.02937  0.004178
   115/299     12.3G   0.05098   0.01416  0.002426   0.06757       605       640    0.6227    0.3335    0.3084    0.1201   0.09437   0.02936  0.004171
   116/299     12.3G   0.04867    0.0141   0.00218   0.06495       276       640    0.6052    0.3421     0.309    0.1198   0.09437   0.02927  0.004345
   117/299     12.3G   0.05282   0.01461  0.002226   0.06965       597       640    0.6273    0.3233    0.3055    0.1182   0.09437    0.0293  0.004334
   118/299     12.3G   0.04988   0.01425  0.002025   0.06615       453       640    0.6022    0.3378    0.3059    0.1192   0.09439    0.0293  0.004288
   119/299     12.3G   0.04414   0.01399  0.002107   0.06023       726       640     0.612    0.3382     0.308    0.1194   0.09433   0.02928  0.004275
   120/299     12.3G   0.04549   0.01445  0.002227   0.06217       516       640    0.6277    0.3255    0.3088    0.1194   0.09433   0.02931  0.004343
   121/299     12.3G   0.04765   0.01359  0.001786   0.06303       757       640    0.6093    0.3468    0.3107    0.1193   0.09436   0.02933  0.004437
   122/299     12.3G   0.05144   0.01449  0.002036   0.06797       788       640    0.6263    0.3365    0.3093    0.1195   0.09434   0.02932  0.004486
   123/299     12.3G   0.04934     0.015  0.002327   0.06667       488       640    0.6308    0.3325    0.3085    0.1202   0.09434   0.02925   0.00439
   124/299     12.3G   0.04786   0.01481  0.002111   0.06478       352       640    0.6381    0.3316    0.3077    0.1206   0.09424   0.02929    0.0044
   125/299     12.3G   0.04325   0.01523  0.001823   0.06031      1357       640    0.6522    0.3159    0.3045      0.12   0.09427   0.02926  0.004306
   126/299     12.3G   0.05016   0.01445  0.002654   0.06727       553       640    0.6147    0.3376    0.3042    0.1203   0.09429   0.02928   0.00435
   127/299     12.3G   0.04955   0.01397  0.002104   0.06563       256       640    0.6627    0.3132     0.307    0.1205   0.09425   0.02928  0.004297
   128/299     12.3G   0.04715   0.01431  0.001365   0.06283       505       640    0.6665    0.3135     0.308    0.1208    0.0942   0.02928  0.004225
   129/299     12.3G   0.04632   0.01392  0.001621   0.06186       253       640    0.6492    0.3174    0.3087    0.1208   0.09413   0.02927  0.004221
   130/299     12.3G   0.05045    0.0145   0.00185    0.0668      1547       640    0.6547    0.3175    0.3101    0.1213   0.09409   0.02926  0.004234
   131/299     12.3G    0.0447   0.01473  0.001917   0.06135       207       640    0.6309     0.332    0.3104    0.1218   0.09408   0.02927  0.004166
   132/299     12.3G   0.05179   0.01409   0.00236   0.06824       303       640    0.6483    0.3261    0.3093    0.1218   0.09406    0.0293  0.004146
   133/299     12.3G   0.04977   0.01481   0.00178   0.06636       763       640    0.6493    0.3228    0.3092    0.1216   0.09411   0.02932  0.004173
   134/299     12.3G   0.04825   0.01403  0.002306   0.06459       578       640    0.6677    0.3138    0.3078    0.1217   0.09408   0.02934  0.004177
   135/299     12.3G   0.04973   0.01465  0.001927    0.0663       434       640     0.679    0.3105    0.3088    0.1219   0.09409    0.0293  0.004131
   136/299     12.3G   0.04824   0.01396  0.001902    0.0641       227       640    0.6866    0.3078    0.3108    0.1222   0.09408   0.02934  0.004086
   137/299     12.3G   0.05032    0.0137  0.002367    0.0664       451       640    0.6855    0.3072    0.3094    0.1222   0.09406   0.02936   0.00405
   138/299     12.3G   0.04569   0.01414  0.001562   0.06139       470       640    0.6758    0.3121    0.3113    0.1228   0.09406   0.02935   0.00403
   139/299     12.3G    0.0529   0.01379  0.002051   0.06874       591       640    0.6649    0.3137    0.3102     0.123   0.09405    0.0294  0.004023
   140/299     12.3G   0.04341   0.01413  0.002028   0.05957       990       640     0.659    0.3174    0.3103     0.123   0.09402   0.02937  0.004089
   141/299     12.3G    0.0478   0.01406  0.002193   0.06405       550       640    0.6733    0.3131    0.3111    0.1233   0.09402   0.02934  0.004157
   142/299     12.3G   0.04749    0.0147  0.001946   0.06413       621       640    0.6633    0.3163    0.3112    0.1229   0.09402   0.02934  0.004145
   143/299     12.3G   0.04967   0.01443  0.001971   0.06607       334       640    0.6365    0.3319    0.3105    0.1232   0.09399   0.02937  0.004092
   144/299     12.3G   0.05104   0.01493  0.002621   0.06858       467       640      0.65    0.3285    0.3114    0.1236   0.09395   0.02935  0.004054
   145/299     12.3G   0.04804   0.01515  0.002518   0.06571       306       640    0.6478    0.3288    0.3125    0.1236   0.09397   0.02932  0.004054
   146/299     12.3G   0.05018   0.01433    0.0019    0.0664       330       640    0.6533    0.3246    0.3113    0.1231   0.09399   0.02933  0.004057
   147/299     12.3G   0.04835   0.01347  0.001591    0.0634       355       640    0.6335    0.3372    0.3105     0.123   0.09394   0.02936  0.004067
   148/299     12.3G   0.04965   0.01399  0.002578   0.06622       464       640    0.6326    0.3363    0.3098    0.1229   0.09394   0.02935  0.004095
   149/299     12.3G   0.05312   0.01431  0.002942   0.07037       358       640    0.6322      0.34    0.3111     0.123   0.09393   0.02935  0.004052
   150/299     12.3G   0.04607   0.01454  0.001875   0.06249       682       640    0.6297    0.3393    0.3113    0.1229   0.09393   0.02935  0.004068
   151/299     12.3G   0.05215   0.01459  0.002595   0.06933       555       640    0.6204    0.3447    0.3111     0.123   0.09395   0.02934  0.004086
   152/299     12.3G   0.04608   0.01509  0.002015   0.06319       490       640    0.6233    0.3393    0.3111    0.1232   0.09394   0.02934  0.004132
   153/299     12.3G   0.05061   0.01512  0.002212   0.06794       569       640    0.6268    0.3376    0.3116    0.1231   0.09391   0.02936  0.004158
   154/299     12.3G   0.04611   0.01455  0.001988   0.06264       508       640     0.628    0.3351    0.3125    0.1226   0.09391   0.02936  0.004159
   155/299     12.3G   0.04922   0.01452  0.001943   0.06568       283       640    0.6226    0.3409    0.3138    0.1232   0.09389   0.02936  0.004164
   156/299     12.3G   0.04744   0.01411  0.001755   0.06331       318       640    0.6279    0.3448    0.3145    0.1233   0.09388   0.02936  0.004193
   157/299     12.3G   0.04825   0.01403  0.002089   0.06437       813       640    0.4981    0.3482    0.3159    0.1234   0.09389   0.02933  0.004222
   158/299     12.3G   0.05036   0.01481  0.002976   0.06814       484       640    0.6388     0.344    0.3184    0.1237   0.09389   0.02932  0.004273
   159/299     12.3G   0.04685   0.01486  0.002679   0.06439       740       640    0.6413    0.3427    0.3188    0.1237   0.09388   0.02933  0.004314
   160/299     12.3G   0.04402    0.0143  0.001859   0.06017       315       640    0.6405     0.343    0.3186    0.1236   0.09387   0.02933  0.004318
   161/299     12.3G   0.04993   0.01424  0.002335    0.0665       582       640    0.5077    0.3513     0.319    0.1238   0.09386   0.02934  0.004322
   162/299     12.3G   0.04631   0.01387  0.002237   0.06242       301       640    0.5093    0.3439    0.3168    0.1234   0.09385   0.02936  0.004312
   163/299     12.3G   0.04405   0.01375  0.001788   0.05959      1170       640     0.514     0.346    0.3172    0.1238   0.09384   0.02934  0.004298
   164/299     12.3G    0.0477   0.01388  0.002191   0.06377       315       640    0.5198    0.3478    0.3174    0.1239   0.09383   0.02934  0.004277
   165/299     12.3G   0.05236   0.01438  0.002179   0.06892       414       640    0.5261    0.3436    0.3175     0.124   0.09383   0.02934  0.004236
   166/299     12.3G   0.05343   0.01394  0.002136   0.06951      1045       640    0.5305    0.3417    0.3163    0.1239   0.09382   0.02936  0.004233
   167/299     12.3G    0.0502   0.01388  0.001944   0.06602       672       640    0.5092     0.343    0.3154    0.1237   0.09382   0.02936  0.004239
   168/299     12.3G   0.05193   0.01434  0.002382   0.06865      1043       640    0.5172    0.3378    0.3144    0.1238   0.09383   0.02936  0.004248
   169/299     12.3G    0.0482   0.01526  0.001894   0.06535       846       640    0.5224    0.3361    0.3139    0.1236   0.09383   0.02936  0.004253
   170/299     12.3G   0.04663   0.01471  0.001998   0.06334       380       640    0.5208    0.3358    0.3137    0.1235   0.09383   0.02935  0.004257
   171/299     12.3G   0.04694   0.01413  0.002445   0.06351       463       640    0.5093    0.3427    0.3136    0.1235   0.09382   0.02935  0.004256
   172/299     12.3G   0.04514   0.01377   0.00204   0.06095       240       640    0.5091    0.3419    0.3133    0.1233   0.09382   0.02935   0.00427
   173/299     12.3G   0.05191   0.01373  0.002058    0.0677       179       640     0.522    0.3335     0.313    0.1235   0.09383   0.02934  0.004266
   174/299     12.3G    0.0467   0.01463  0.002066   0.06339       485       640    0.5111    0.3317    0.3118    0.1233   0.09383   0.02934   0.00426
   175/299     12.3G   0.05036   0.01432  0.001842   0.06653       350       640    0.5466    0.3346    0.3106    0.1234   0.09382   0.02935  0.004256
   176/299     12.3G   0.04973   0.01519  0.002242   0.06716       570       640    0.5471     0.327    0.3105    0.1236   0.09382   0.02934  0.004252
   177/299     12.3G   0.04673    0.0145  0.002157   0.06338       584       640    0.5484    0.3269    0.3104    0.1236   0.09381   0.02934  0.004249
   178/299     12.3G   0.05047    0.0146  0.002177   0.06725       479       640    0.5486    0.3263    0.3101    0.1237   0.09381   0.02933  0.004249
   179/299     12.3G   0.04544   0.01457  0.001591    0.0616       719       640    0.5495    0.3245    0.3104    0.1236   0.09381   0.02933   0.00425
   180/299     12.3G   0.04815    0.0145  0.001943   0.06459      1102       640    0.5509    0.3234    0.3104    0.1235   0.09381   0.02933  0.004249
   181/299     12.3G   0.04584   0.01414  0.001779   0.06176       963       640    0.5525    0.3245    0.3113    0.1237    0.0938   0.02932  0.004245
   182/299     12.3G    0.0489   0.01491  0.002388    0.0662       771       640    0.5617    0.3278    0.3124    0.1237    0.0938   0.02933  0.004248
   183/299     12.3G    0.0453   0.01414  0.001394   0.06083       619       640    0.5634    0.3286    0.3127    0.1237    0.0938   0.02932  0.004254
   184/299     12.3G   0.04449   0.01419  0.001968   0.06065       474       640    0.5635    0.3288    0.3123    0.1236   0.09379   0.02932  0.004256
   185/299     12.3G   0.04965   0.01482  0.002027    0.0665       469       640    0.5669    0.3259    0.3129    0.1239   0.09379   0.02932  0.004251
   186/299     12.3G   0.04295   0.01447  0.001198   0.05861       676       640    0.5648    0.3277     0.313    0.1237   0.09379   0.02932  0.004248
   187/299     12.3G   0.04915   0.01409  0.002714   0.06595      1257       640     0.568     0.325    0.3127    0.1237   0.09378   0.02932  0.004242
   188/299     12.3G   0.04552   0.01418  0.001693    0.0614       448       640    0.5697    0.3254    0.3127    0.1239   0.09378   0.02931  0.004244
   189/299     12.3G   0.05092   0.01403  0.001731   0.06668       295       640    0.5712    0.3265    0.3129     0.124   0.09378   0.02932  0.004254
   190/299     12.3G   0.05479    0.0146  0.002256   0.07164       665       640    0.5732    0.3281    0.3132     0.124   0.09378   0.02932  0.004256
   191/299     12.3G   0.04634   0.01409   0.00201   0.06244       876       640    0.5766     0.327    0.3133    0.1241   0.09377   0.02931  0.004257
   192/299     12.3G   0.04399   0.01448  0.002403   0.06087       266       640    0.5801    0.3256    0.3133    0.1241   0.09377   0.02932   0.00426
   193/299     12.3G   0.05115   0.01463  0.002084   0.06787      1259       640    0.5788    0.3283    0.3141    0.1241   0.09376   0.02932  0.004262
   194/299     12.3G   0.04684   0.01478  0.002214   0.06383       437       640    0.5808     0.328    0.3143    0.1242   0.09376   0.02931  0.004263
   195/299     12.3G   0.04874   0.01443  0.001925   0.06509       891       640    0.5922    0.3345    0.3143    0.1243   0.09376   0.02931  0.004268
   196/299     12.3G   0.04605   0.01429  0.002069   0.06242       858       640    0.5876    0.3255    0.3151    0.1243   0.09375   0.02931  0.004275
   197/299     12.3G   0.04487   0.01429  0.001952   0.06111       553       640    0.5889    0.3255    0.3155    0.1245   0.09375    0.0293  0.004276
   198/299     12.3G    0.0463   0.01387  0.001782   0.06195       513       640    0.5911    0.3258    0.3156    0.1246   0.09374    0.0293  0.004277
   199/299     12.3G   0.05032   0.01435  0.002181   0.06686       782       640    0.6033    0.3326    0.3178     0.125   0.09374    0.0293  0.004275
   200/299     12.3G   0.05045   0.01422  0.001932   0.06661      1413       640    0.6072    0.3339    0.3178     0.125   0.09374    0.0293  0.004269
   201/299     12.3G   0.04378   0.01422  0.001217   0.05922       594       640    0.6117    0.3339     0.318     0.125   0.09373   0.02929  0.004265
   202/299     12.3G   0.04784     0.014  0.002426   0.06427       617       640    0.6115    0.3317    0.3183    0.1251   0.09373   0.02929  0.004259
   203/299     12.3G   0.04786   0.01436  0.002245   0.06446       696       640    0.6148    0.3321    0.3181    0.1251   0.09373   0.02928  0.004252
   204/299     12.3G   0.04473    0.0144  0.001679    0.0608       515       640    0.6123    0.3314    0.3182    0.1251   0.09372   0.02928  0.004244
   205/299     12.3G   0.04517   0.01462  0.001733   0.06152       634       640    0.6128    0.3319    0.3186    0.1253   0.09372   0.02928  0.004238
   206/299     12.3G   0.04969   0.01438  0.002423   0.06649       570       640    0.6155    0.3311    0.3187    0.1254   0.09371   0.02928  0.004234
   207/299     12.3G   0.04676   0.01433  0.002073   0.06317       422       640    0.6109    0.3323    0.3199    0.1256   0.09371   0.02928  0.004231
   208/299     12.3G   0.04861   0.01477  0.001901   0.06528       581       640    0.6139    0.3315    0.3197    0.1258   0.09371   0.02928  0.004229
   209/299     12.3G   0.04111   0.01428  0.001928   0.05731       257       640    0.6156    0.3309    0.3205    0.1259    0.0937   0.02927  0.004229
   210/299     12.3G   0.04963   0.01439  0.002663   0.06668       675       640    0.6038    0.3334    0.3205     0.126    0.0937   0.02927  0.004228
   211/299     12.3G   0.05098    0.0141  0.002197   0.06728       753       640    0.6089    0.3321    0.3205    0.1261    0.0937   0.02926  0.004225
   212/299     12.3G   0.04901   0.01443  0.002506   0.06595       688       640    0.6075     0.332    0.3204    0.1261   0.09369   0.02926  0.004222
   213/299     12.3G    0.0483   0.01409  0.002356   0.06475       344       640     0.606    0.3322    0.3201    0.1261   0.09369   0.02926  0.004216
   214/299     12.3G   0.04776    0.0138   0.00217   0.06374       394       640    0.6045    0.3324    0.3204    0.1259   0.09369   0.02926  0.004208
   215/299     12.3G   0.04301   0.01447  0.001763   0.05924       474       640    0.6026    0.3324    0.3203     0.126   0.09369   0.02925  0.004204
   216/299     12.3G   0.04713   0.01395  0.002577   0.06367       663       640    0.5975     0.332    0.3191    0.1258   0.09368   0.02925  0.004203
   217/299     12.3G   0.05508   0.01447  0.002016   0.07157       458       640    0.6023    0.3305    0.3181    0.1257   0.09368   0.02924  0.004202
   218/299     12.3G   0.04762   0.01429  0.002236   0.06414       485       640    0.6033    0.3305    0.3181    0.1257   0.09368   0.02923  0.004201
   219/299     12.3G   0.04962   0.01433  0.002657   0.06661       699       640    0.6026    0.3304    0.3191    0.1259   0.09368   0.02923  0.004197
   220/299     12.3G   0.04965   0.01432  0.002178   0.06615       565       640    0.5916    0.3343    0.3196    0.1259   0.09367   0.02922  0.004194
   221/299     12.3G   0.04785   0.01391  0.001779   0.06354       290       640    0.5919    0.3342    0.3195     0.126   0.09367   0.02922  0.004189
   222/299     12.3G   0.04468   0.01397  0.001715   0.06036      2205       640    0.5912    0.3345    0.3191     0.126   0.09367   0.02922  0.004183
   223/299     12.3G   0.04762   0.01444  0.001725   0.06379       909       640    0.5936    0.3328    0.3192    0.1259   0.09366   0.02922  0.004181
   224/299     12.3G   0.05296   0.01416  0.002301   0.06941       557       640     0.601    0.3289    0.3188    0.1259   0.09366   0.02922  0.004178
   225/299     12.3G   0.05102   0.01407  0.002038   0.06712       424       640     0.589    0.3356    0.3188    0.1259   0.09366   0.02922  0.004174
   226/299     12.3G    0.0453   0.01402  0.001477    0.0608       689       640    0.5953    0.3319    0.3189    0.1259   0.09365   0.02921  0.004173
   227/299     12.3G    0.0478    0.0136   0.00158   0.06298       418       640    0.5999    0.3293    0.3189    0.1259   0.09365   0.02921  0.004173
   228/299     12.3G     0.043   0.01466  0.001538    0.0592       572       640    0.5922    0.3338    0.3189     0.126   0.09365   0.02921   0.00417
   229/299     12.3G   0.04789   0.01521  0.001887   0.06499       534       640     0.592    0.3339    0.3189    0.1261   0.09364   0.02921  0.004168
   230/299     12.3G   0.05192   0.01423  0.002572   0.06872      1223       640    0.5924     0.334    0.3193    0.1261   0.09364    0.0292  0.004165
   231/299     12.3G    0.0454   0.01381  0.001848   0.06106       553       640     0.598    0.3304    0.3194    0.1263   0.09364    0.0292  0.004162
   232/299     12.3G   0.04536   0.01409  0.001776   0.06123       804       640    0.5983    0.3312    0.3196    0.1264   0.09364   0.02919  0.004162
   233/299     12.3G    0.0506    0.0147  0.002026   0.06733       509       640    0.5955    0.3322      0.32    0.1265   0.09364   0.02919  0.004161
   234/299     12.3G   0.04562   0.01405  0.001471   0.06113       377       640     0.595    0.3325    0.3201    0.1264   0.09364   0.02919  0.004161
   235/299     12.3G   0.04852   0.01361  0.001807   0.06394       529       640    0.5939    0.3325    0.3197    0.1265   0.09363   0.02919  0.004159
   236/299     12.3G   0.04926   0.01478  0.002055   0.06609       536       640    0.5944    0.3319    0.3194    0.1265   0.09363   0.02919   0.00416
   237/299     12.3G   0.04958   0.01454  0.001693   0.06581       617       640    0.5941    0.3321    0.3195    0.1264   0.09363   0.02918  0.004159
   238/299     12.3G   0.04662   0.01419  0.001974   0.06279       838       640    0.5946    0.3321    0.3194    0.1264   0.09363   0.02918   0.00416
   239/299     12.3G   0.04974   0.01502  0.001878   0.06664       338       640    0.5893    0.3357    0.3194    0.1264   0.09362   0.02917  0.004162
   240/299     12.3G   0.04659    0.0146  0.001523   0.06271       881       640    0.5894    0.3357    0.3188    0.1264   0.09362   0.02917  0.004164
   241/299     12.3G   0.04584   0.01423   0.00195   0.06203       358       640    0.5898    0.3357    0.3188    0.1264   0.09362   0.02917  0.004164
   242/299     12.3G   0.04875   0.01483  0.002093   0.06567       203       640    0.5902    0.3356    0.3189    0.1263   0.09362   0.02917  0.004162
   243/299     12.3G     0.046   0.01424  0.001995   0.06223       488       640    0.5951    0.3325    0.3192    0.1263   0.09361   0.02917  0.004162
   244/299     12.3G   0.04818   0.01466  0.001915   0.06475       552       640    0.5914     0.335    0.3191    0.1263   0.09361   0.02917  0.004162
   245/299     12.3G   0.04868   0.01471  0.001909    0.0653       285       640    0.5953    0.3334    0.3194    0.1262   0.09361   0.02916  0.004159
   246/299     12.3G   0.04694    0.0144  0.001862    0.0632       464       640    0.5948    0.3338    0.3196    0.1262   0.09361   0.02916  0.004157
   247/299     12.3G   0.05103   0.01402  0.001829   0.06688       668       640    0.5949    0.3339    0.3196    0.1262   0.09361   0.02916  0.004156
   248/299     12.3G   0.04908   0.01385  0.002446   0.06537       263       640    0.5973    0.3328    0.3197    0.1263   0.09361   0.02916  0.004155
   249/299     12.3G   0.04675   0.01449  0.001932   0.06317       534       640    0.5957    0.3338    0.3197    0.1263   0.09361   0.02916  0.004153
   250/299     12.3G   0.04602   0.01478  0.001957   0.06276       435       640     0.597    0.3338    0.3198    0.1262    0.0936   0.02916  0.004152
   251/299     12.3G   0.05115    0.0141  0.002725   0.06797       503       640     0.596    0.3341    0.3196    0.1263    0.0936   0.02916  0.004153
   252/299     12.3G   0.04899   0.01459  0.002164   0.06574       627       640    0.5966     0.334    0.3199    0.1266    0.0936   0.02916  0.004154
   253/299     12.3G   0.04377   0.01398   0.00134   0.05909       209       640    0.5964    0.3337    0.3198    0.1265    0.0936   0.02915  0.004154
   254/299     12.3G   0.04906   0.01444  0.001688   0.06519       505       640     0.597    0.3333    0.3191    0.1265    0.0936   0.02915  0.004153
   255/299     12.3G   0.05108   0.01429  0.001943   0.06731       300       640    0.5953    0.3339     0.319    0.1265    0.0936   0.02916  0.004152
   256/299     12.3G   0.04642   0.01446  0.002216   0.06309       649       640    0.5978    0.3337    0.3193    0.1266    0.0936   0.02914  0.004152
   257/299     12.3G   0.05169   0.01541  0.002214   0.06931       578       640     0.599    0.3331    0.3193    0.1267    0.0936   0.02915  0.004153
   258/299     12.3G   0.04672   0.01377  0.001588   0.06207      1285       640    0.6041      0.33    0.3195    0.1267   0.09359   0.02915  0.004153
   259/299     12.3G   0.04456   0.01389  0.001721   0.06017       364       640    0.6043    0.3304    0.3196    0.1268   0.09359   0.02915  0.004152
   260/299     12.3G   0.04457   0.01405  0.001676    0.0603       341       640    0.6047    0.3304    0.3192    0.1268   0.09359   0.02915  0.004153
   261/299     12.3G   0.05057   0.01447  0.002296   0.06734       281       640    0.6047    0.3304    0.3192    0.1269   0.09359   0.02915  0.004154
   262/299     12.3G   0.04526   0.01452  0.001569   0.06135       189       640    0.6061      0.33    0.3194    0.1269   0.09359   0.02914  0.004153
   263/299     12.3G   0.05269    0.0146  0.003321    0.0706       557       640     0.605      0.33    0.3185    0.1267   0.09358   0.02914  0.004152
   264/299     12.3G   0.04815     0.014  0.002023   0.06417       511       640    0.6063    0.3299    0.3187    0.1268   0.09358   0.02914  0.004151
   265/299     12.3G   0.04268   0.01391  0.001761   0.05835       409       640    0.6069    0.3298    0.3188    0.1268   0.09358   0.02914  0.004151
   266/299     12.3G   0.04677   0.01447  0.002171   0.06341       472       640    0.6063    0.3298    0.3188    0.1267   0.09358   0.02914   0.00415
   267/299     12.3G   0.04593   0.01386  0.001747   0.06154       299       640    0.6059    0.3294    0.3186    0.1267   0.09358   0.02913   0.00415
   268/299     12.3G   0.04838   0.01429    0.0016   0.06427       204       640    0.5952    0.3362    0.3187    0.1267   0.09358   0.02913  0.004149
   269/299     12.3G   0.05277   0.01517  0.002468    0.0704       281       640    0.5959    0.3361    0.3186    0.1266   0.09358   0.02913  0.004149
   270/299     12.3G   0.05079   0.01432  0.001626   0.06674       591       640    0.5971    0.3354    0.3186    0.1265   0.09357   0.02913  0.004149
   271/299     12.3G   0.05211   0.01371  0.002185     0.068       325       640    0.5967    0.3355    0.3187    0.1265   0.09357   0.02913  0.004147
   272/299     12.3G   0.04765   0.01365  0.001359   0.06266       711       640    0.5971    0.3355    0.3186    0.1265   0.09357   0.02913  0.004146
   273/299     12.3G   0.04959   0.01415  0.001954   0.06569       379       640    0.6016    0.3329    0.3185    0.1265   0.09357   0.02913  0.004145
   274/299     12.3G   0.04567   0.01436  0.001665   0.06169       481       640    0.6018    0.3328    0.3185    0.1264   0.09357   0.02913  0.004144
   275/299     12.3G    0.0477   0.01344  0.002206   0.06335       621       640    0.5975    0.3355    0.3186    0.1266   0.09356   0.02913  0.004143
   276/299     12.3G   0.04824   0.01491   0.00196   0.06511       550       640    0.5997    0.3348    0.3185    0.1266   0.09356   0.02913   0.00414
   277/299     12.3G   0.04545   0.01451  0.001638    0.0616       509       640    0.5991     0.335    0.3187    0.1266   0.09356   0.02913  0.004137
   278/299     12.3G   0.04255   0.01421  0.001605   0.05837       660       640    0.6042    0.3319    0.3185    0.1266   0.09356   0.02914  0.004136
   279/299     12.3G   0.04576   0.01485  0.001352   0.06196       469       640    0.6045    0.3318    0.3188    0.1266   0.09356   0.02912  0.004135
   280/299     12.3G   0.04329   0.01371  0.001578   0.05858       255       640    0.6038    0.3323     0.319    0.1266   0.09355   0.02913  0.004136
   281/299     12.3G   0.04522   0.01453  0.001818   0.06157       554       640    0.6009    0.3341     0.319    0.1266   0.09355   0.02913  0.004137
   282/299     12.3G   0.05073   0.01423  0.002335   0.06729       523       640    0.6012    0.3341    0.3189    0.1265   0.09355   0.02912  0.004138
   283/299     12.3G   0.04667   0.01274  0.002061   0.06148       479       640    0.5998     0.335    0.3189    0.1265   0.09355   0.02913   0.00414
   284/299     12.3G   0.05106   0.01456  0.002054   0.06767      2337       640    0.5985    0.3356    0.3188    0.1265   0.09355   0.02912  0.004142
   285/299     12.3G   0.04935   0.01473  0.001817   0.06589       800       640    0.6013    0.3341    0.3189    0.1265   0.09355   0.02912  0.004143
   286/299     12.3G   0.04606   0.01412  0.001872   0.06206       618       640    0.6016     0.334    0.3187    0.1264   0.09354   0.02913  0.004145
   287/299     12.3G   0.04639    0.0147  0.001409    0.0625       372       640    0.6033    0.3332    0.3191    0.1265   0.09354   0.02913  0.004149
   288/299     12.3G   0.04568   0.01476  0.001871   0.06231       754       640    0.6031    0.3333    0.3189    0.1264   0.09354   0.02913  0.004151
   289/299     12.3G   0.04574   0.01438  0.001546   0.06167       298       640    0.6047    0.3334    0.3192    0.1264   0.09354   0.02912  0.004155
   290/299     12.3G    0.0494   0.01441  0.001796   0.06561       385       640    0.6046    0.3336    0.3192    0.1265   0.09354   0.02912  0.004155
   291/299     12.3G    0.0501   0.01494  0.002065    0.0671       376       640    0.5999    0.3359     0.319    0.1265   0.09354   0.02912  0.004157
   292/299     12.3G   0.04903    0.0142  0.001808   0.06503       576       640    0.6089    0.3306    0.3191    0.1266   0.09353   0.02912  0.004158
   293/299     12.3G   0.04727   0.01366  0.002352   0.06329       954       640    0.6036    0.3343    0.3194    0.1267   0.09353   0.02912   0.00416
   294/299     12.3G   0.05287   0.01359    0.0019   0.06836       398       640    0.6095    0.3305    0.3193    0.1266   0.09353   0.02912  0.004161
   295/299     12.3G   0.05297   0.01433  0.002481   0.06978       525       640    0.6065    0.3323    0.3187    0.1266   0.09353   0.02912   0.00416
   296/299     12.3G   0.04743   0.01436  0.001625   0.06341       933       640    0.5858    0.3505    0.3201    0.1268   0.09352   0.02912  0.004161
   297/299     12.3G   0.04406    0.0142  0.001645    0.0599      1363       640    0.5891    0.3496    0.3203    0.1268   0.09352   0.02912  0.004161
   298/299     12.3G   0.04666   0.01444  0.001677   0.06278       256       640    0.5885    0.3499    0.3204     0.127   0.09352   0.02912  0.004162
   299/299     12.3G   0.04426   0.01375  0.002096   0.06011       634       640    0.5892    0.3498    0.3206     0.127   0.09352   0.02913   0.00416
